483.00
42.00
0.00
0.00
0.00
0.00
100.00
100.00
6
02.png
field05.txt
329.00
42.00
0.00
0.00
0.00
0.00
100.00
100.00
6
02.png
field05.txt
640.00
45.00
0.00
0.00
0.00
0.00
100.00
100.00
6
02.png
field05.txt
185.00
47.00
0.00
0.00
0.00
0.00
100.00
100.00
6
02.png
field05.txt
806.00
47.00
0.00
0.00
0.00
0.00
100.00
100.00
6
02.png
field05.txt
953.00
47.00
0.00
0.00
0.00
0.00
100.00
100.00
6
02.png
field05.txt
1095.00
49.00
0.00
0.00
0.00
0.00
100.00
100.00
6
02.png
field05.txt
73.00
74.00
0.00
0.00
0.00
0.00
150.00
150.00
9
Spawn.png
field05.txt
1207.00
75.00
0.00
0.00
0.00
0.00
150.00
150.00
9
Spawn.png
field05.txt
483.00
96.00
0.00
0.00
0.00
0.00
100.00
100.00
6
02.png
field05.txt
640.00
97.00
0.00
0.00
0.00
0.00
100.00
100.00
6
02.png
field05.txt
329.00
97.00
0.00
0.00
0.00
0.00
100.00
100.00
6
02.png
field05.txt
806.00
101.00
0.00
0.00
0.00
0.00
100.00
100.00
6
02.png
field05.txt
953.00
103.00
0.00
0.00
0.00
0.00
100.00
100.00
6
02.png
field05.txt
1095.00
104.00
0.00
0.00
0.00
0.00
100.00
100.00
6
02.png
field05.txt
185.00
106.00
0.00
0.00
0.00
0.00
100.00
100.00
6
02.png
field05.txt
640.00
151.00
0.00
0.00
0.00
0.00
100.00
100.00
6
02.png
field05.txt
483.00
151.00
0.00
0.00
0.00
0.00
100.00
100.00
6
02.png
field05.txt
329.00
155.00
0.00
0.00
0.00
0.00
100.00
100.00
6
02.png
field05.txt
806.00
158.00
0.00
0.00
0.00
0.00
100.00
100.00
6
02.png
field05.txt
1095.00
159.00
0.00
0.00
0.00
0.00
100.00
100.00
6
02.png
field05.txt
953.00
162.00
0.00
0.00
0.00
0.00
100.00
100.00
6
02.png
field05.txt
185.00
163.00
0.00
0.00
0.00
0.00
100.00
100.00
6
02.png
field05.txt
23.00
164.00
0.00
0.00
0.00
0.00
100.00
100.00
6
02.png
field05.txt
104.00
164.00
0.00
0.00
0.00
0.00
100.00
100.00
6
02.png
field05.txt
1259.00
166.00
0.00
0.00
0.00
0.00
100.00
100.00
6
02.png
field05.txt
1178.00
166.00
0.00
0.00
0.00
0.00
100.00
100.00
6
02.png
field05.txt
640.00
207.00
0.00
0.00
0.00
0.00
100.00
100.00
6
02.png
field05.txt
483.00
207.00
0.00
0.00
0.00
0.00
100.00
100.00
6
02.png
field05.txt
329.00
212.00
0.00
0.00
0.00
0.00
100.00
100.00
6
02.png
field05.txt
806.00
212.00
0.00
0.00
0.00
0.00
100.00
100.00
6
02.png
field05.txt
1095.00
217.00
0.00
0.00
0.00
0.00
100.00
100.00
6
02.png
field05.txt
953.00
218.00
0.00
0.00
0.00
0.00
100.00
100.00
6
02.png
field05.txt
185.00
221.00
0.00
0.00
0.00
0.00
100.00
100.00
6
02.png
field05.txt
640.00
259.00
0.00
0.00
0.00
0.00
100.00
100.00
6
02.png
field05.txt
483.00
262.00
0.00
0.00
0.00
0.00
100.00
100.00
6
02.png
field05.txt
806.00
268.00
0.00
0.00
0.00
0.00
100.00
100.00
6
02.png
field05.txt
329.00
270.00
0.00
0.00
0.00
0.00
100.00
100.00
6
02.png
field05.txt
953.00
273.00
0.00
0.00
0.00
0.00
100.00
100.00
6
02.png
field05.txt
1095.00
274.00
0.00
0.00
0.00
0.00
100.00
100.00
6
02.png
field05.txt
185.00
277.00
0.00
0.00
0.00
0.00
100.00
100.00
6
02.png
field05.txt
640.00
315.00
0.00
0.00
0.00
0.00
100.00
100.00
6
02.png
field05.txt
483.00
320.00
0.00
0.00
0.00
0.00
100.00
100.00
6
02.png
field05.txt
806.00
322.00
0.00
0.00
0.00
0.00
100.00
100.00
6
02.png
field05.txt
329.00
326.00
0.00
0.00
0.00
0.00
100.00
100.00
6
02.png
field05.txt
953.00
327.00
0.00
0.00
0.00
0.00
100.00
100.00
6
02.png
field05.txt
1095.00
330.00
0.00
0.00
0.00
0.00
100.00
100.00
6
02.png
field05.txt
185.00
335.00
0.00
0.00
0.00
0.00
100.00
100.00
6
02.png
field05.txt
640.00
360.00
0.00
0.00
0.00
0.00
100.00
100.00
6
03.png
field05.txt
483.00
376.00
0.00
0.00
0.00
0.00
100.00
100.00
6
02.png
field05.txt
806.00
379.00
0.00
0.00
0.00
0.00
100.00
100.00
6
02.png
field05.txt
329.00
383.00
0.00
0.00
0.00
0.00
100.00
100.00
6
02.png
field05.txt
953.00
384.00
0.00
0.00
0.00
0.00
100.00
100.00
6
02.png
field05.txt
1095.00
388.00
0.00
0.00
0.00
0.00
100.00
100.00
6
02.png
field05.txt
185.00
392.00
0.00
0.00
0.00
0.00
100.00
100.00
6
02.png
field05.txt
640.00
432.00
0.00
0.00
0.00
0.00
100.00
100.00
6
02.png
field05.txt
483.00
432.00
0.00
0.00
0.00
0.00
100.00
100.00
6
02.png
field05.txt
953.00
436.00
0.00
0.00
0.00
0.00
100.00
100.00
6
02.png
field05.txt
806.00
437.00
0.00
0.00
0.00
0.00
100.00
100.00
6
02.png
field05.txt
1095.00
442.00
0.00
0.00
0.00
0.00
100.00
100.00
6
02.png
field05.txt
329.00
443.00
0.00
0.00
0.00
0.00
100.00
100.00
6
02.png
field05.txt
185.00
448.00
0.00
0.00
0.00
0.00
100.00
100.00
6
02.png
field05.txt
640.00
488.00
0.00
0.00
0.00
0.00
100.00
100.00
6
02.png
field05.txt
483.00
489.00
0.00
0.00
0.00
0.00
100.00
100.00
6
02.png
field05.txt
806.00
491.00
0.00
0.00
0.00
0.00
100.00
100.00
6
02.png
field05.txt
953.00
494.00
0.00
0.00
0.00
0.00
100.00
100.00
6
02.png
field05.txt
1095.00
500.00
0.00
0.00
0.00
0.00
100.00
100.00
6
02.png
field05.txt
329.00
500.00
0.00
0.00
0.00
0.00
100.00
100.00
6
02.png
field05.txt
185.00
505.00
0.00
0.00
0.00
0.00
100.00
100.00
6
02.png
field05.txt
640.00
546.00
0.00
0.00
0.00
0.00
100.00
100.00
6
02.png
field05.txt
483.00
546.00
0.00
0.00
0.00
0.00
100.00
100.00
6
02.png
field05.txt
806.00
546.00
0.00
0.00
0.00
0.00
100.00
100.00
6
02.png
field05.txt
953.00
550.00
0.00
0.00
0.00
0.00
100.00
100.00
6
02.png
field05.txt
1095.00
557.00
0.00
0.00
0.00
0.00
100.00
100.00
6
02.png
field05.txt
329.00
558.00
0.00
0.00
0.00
0.00
100.00
100.00
6
02.png
field05.txt
185.00
562.00
0.00
0.00
0.00
0.00
100.00
100.00
6
02.png
field05.txt
109.00
589.00
0.00
0.00
0.00
0.00
100.00
100.00
6
02.png
field05.txt
23.00
589.00
0.00
0.00
0.00
0.00
100.00
100.00
6
02.png
field05.txt
1170.00
591.00
0.00
0.00
0.00
0.00
100.00
100.00
6
02.png
field05.txt
1259.00
591.00
0.00
0.00
0.00
0.00
100.00
100.00
6
02.png
field05.txt
640.00
600.00
0.00
0.00
0.00
0.00
100.00
100.00
6
02.png
field05.txt
483.00
600.00
0.00
0.00
0.00
0.00
100.00
100.00
6
02.png
field05.txt
806.00
604.00
0.00
0.00
0.00
0.00
100.00
100.00
6
02.png
field05.txt
953.00
606.00
0.00
0.00
0.00
0.00
100.00
100.00
6
02.png
field05.txt
1095.00
615.00
0.00
0.00
0.00
0.00
100.00
100.00
6
02.png
field05.txt
329.00
615.00
0.00
0.00
0.00
0.00
100.00
100.00
6
02.png
field05.txt
185.00
618.00
0.00
0.00
0.00
0.00
100.00
100.00
6
02.png
field05.txt
640.00
655.00
0.00
0.00
0.00
0.00
100.00
100.00
6
02.png
field05.txt
483.00
655.00
0.00
0.00
0.00
0.00
100.00
100.00
6
02.png
field05.txt
806.00
659.00
0.00
0.00
0.00
0.00
100.00
100.00
6
02.png
field05.txt
953.00
663.00
0.00
0.00
0.00
0.00
100.00
100.00
6
02.png
field05.txt
73.00
665.00
0.00
0.00
0.00
0.00
150.00
150.00
9
Spawn.png
field05.txt
1207.00
665.00
0.00
0.00
0.00
0.00
150.00
150.00
9
Spawn.png
field05.txt
1095.00
669.00
0.00
0.00
0.00
0.00
100.00
100.00
6
02.png
field05.txt
329.00
670.00
0.00
0.00
0.00
0.00
100.00
100.00
6
02.png
field05.txt
185.00
674.00
0.00
0.00
0.00
0.00
100.00
100.00
6
02.png
field05.txt
640.00
711.00
0.00
0.00
0.00
0.00
100.00
100.00
6
02.png
field05.txt
483.00
711.00
0.00
0.00
0.00
0.00
100.00
100.00
6
02.png
field05.txt
806.00
717.00
0.00
0.00
0.00
0.00
100.00
100.00
6
02.png
field05.txt
953.00
721.00
0.00
0.00
0.00
0.00
100.00
100.00
6
02.png
field05.txt
1095.00
724.00
0.00
0.00
0.00
0.00
100.00
100.00
6
02.png
field05.txt
329.00
728.00
0.00
0.00
0.00
0.00
100.00
100.00
6
02.png
field05.txt
185.00
729.00
0.00
0.00
0.00
0.00
100.00
100.00
6
02.png
field05.txt
