675.00
60.00
0.00
0.00
0.00
0.00
100.00
100.00
6
02.png
field08.txt
584.00
62.00
0.00
0.00
0.00
0.00
100.00
100.00
6
02.png
field08.txt
497.00
62.00
0.00
0.00
0.00
0.00
100.00
100.00
6
02.png
field08.txt
408.00
62.00
0.00
0.00
0.00
0.00
100.00
100.00
6
02.png
field08.txt
319.00
62.00
0.00
0.00
0.00
0.00
100.00
100.00
6
02.png
field08.txt
241.00
62.00
0.00
0.00
0.00
0.00
100.00
100.00
6
02.png
field08.txt
763.00
62.00
0.00
0.00
0.00
0.00
100.00
100.00
6
02.png
field08.txt
855.00
62.00
0.00
0.00
0.00
0.00
100.00
100.00
6
02.png
field08.txt
946.00
62.00
0.00
0.00
0.00
0.00
100.00
100.00
6
02.png
field08.txt
1039.00
62.00
0.00
0.00
0.00
0.00
100.00
100.00
6
02.png
field08.txt
75.00
75.00
0.00
0.00
0.00
0.00
150.00
150.00
9
Spawn.png
field08.txt
1206.00
75.00
0.00
0.00
0.00
0.00
150.00
150.00
9
Spawn.png
field08.txt
634.00
102.00
0.00
0.00
0.00
0.00
100.00
100.00
6
02.png
field08.txt
717.00
107.00
0.00
0.00
0.00
0.00
100.00
100.00
6
02.png
field08.txt
551.00
107.00
0.00
0.00
0.00
0.00
100.00
100.00
6
02.png
field08.txt
801.00
110.00
0.00
0.00
0.00
0.00
100.00
100.00
6
02.png
field08.txt
887.00
110.00
0.00
0.00
0.00
0.00
100.00
100.00
6
02.png
field08.txt
965.00
110.00
0.00
0.00
0.00
0.00
100.00
100.00
6
02.png
field08.txt
1036.00
110.00
0.00
0.00
0.00
0.00
100.00
100.00
6
02.png
field08.txt
465.00
110.00
0.00
0.00
0.00
0.00
100.00
100.00
6
02.png
field08.txt
380.00
110.00
0.00
0.00
0.00
0.00
100.00
100.00
6
02.png
field08.txt
311.00
110.00
0.00
0.00
0.00
0.00
100.00
100.00
6
02.png
field08.txt
243.00
110.00
0.00
0.00
0.00
0.00
100.00
100.00
6
02.png
field08.txt
634.00
150.00
0.00
0.00
0.00
0.00
100.00
100.00
6
02.png
field08.txt
717.00
153.00
0.00
0.00
0.00
0.00
100.00
100.00
6
02.png
field08.txt
551.00
158.00
0.00
0.00
0.00
0.00
100.00
100.00
6
02.png
field08.txt
634.00
205.00
0.00
0.00
0.00
0.00
100.00
100.00
6
02.png
field08.txt
717.00
210.00
0.00
0.00
0.00
0.00
100.00
100.00
6
02.png
field08.txt
551.00
210.00
0.00
0.00
0.00
0.00
100.00
100.00
6
02.png
field08.txt
34.00
240.00
0.00
0.00
0.00
0.00
100.00
100.00
6
02.png
field08.txt
130.00
240.00
0.00
0.00
0.00
0.00
100.00
100.00
6
02.png
field08.txt
225.00
240.00
0.00
0.00
0.00
0.00
100.00
100.00
6
02.png
field08.txt
1236.00
240.00
0.00
0.00
0.00
0.00
100.00
100.00
6
02.png
field08.txt
1153.00
243.00
0.00
0.00
0.00
0.00
100.00
100.00
6
02.png
field08.txt
1062.00
243.00
0.00
0.00
0.00
0.00
100.00
100.00
6
02.png
field08.txt
971.00
243.00
0.00
0.00
0.00
0.00
100.00
100.00
6
02.png
field08.txt
310.00
244.00
0.00
0.00
0.00
0.00
100.00
100.00
6
02.png
field08.txt
634.00
262.00
0.00
0.00
0.00
0.00
100.00
100.00
6
02.png
field08.txt
551.00
264.00
0.00
0.00
0.00
0.00
100.00
100.00
6
02.png
field08.txt
717.00
266.00
0.00
0.00
0.00
0.00
100.00
100.00
6
02.png
field08.txt
1236.00
295.00
0.00
0.00
0.00
0.00
100.00
100.00
6
02.png
field08.txt
33.00
296.00
0.00
0.00
0.00
0.00
100.00
100.00
6
02.png
field08.txt
123.00
296.00
0.00
0.00
0.00
0.00
100.00
100.00
6
02.png
field08.txt
216.00
296.00
0.00
0.00
0.00
0.00
100.00
100.00
6
02.png
field08.txt
305.00
298.00
0.00
0.00
0.00
0.00
100.00
100.00
6
02.png
field08.txt
971.00
299.00
0.00
0.00
0.00
0.00
100.00
100.00
6
02.png
field08.txt
1059.00
300.00
0.00
0.00
0.00
0.00
100.00
100.00
6
02.png
field08.txt
1153.00
300.00
0.00
0.00
0.00
0.00
100.00
100.00
6
02.png
field08.txt
634.00
315.00
0.00
0.00
0.00
0.00
100.00
100.00
6
02.png
field08.txt
717.00
316.00
0.00
0.00
0.00
0.00
100.00
100.00
6
02.png
field08.txt
551.00
320.00
0.00
0.00
0.00
0.00
100.00
100.00
6
02.png
field08.txt
35.00
354.00
0.00
0.00
0.00
0.00
100.00
100.00
6
02.png
field08.txt
127.00
354.00
0.00
0.00
0.00
0.00
100.00
100.00
6
02.png
field08.txt
215.00
354.00
0.00
0.00
0.00
0.00
100.00
100.00
6
02.png
field08.txt
1236.00
354.00
0.00
0.00
0.00
0.00
100.00
100.00
6
02.png
field08.txt
305.00
355.00
0.00
0.00
0.00
0.00
100.00
100.00
6
02.png
field08.txt
971.00
357.00
0.00
0.00
0.00
0.00
100.00
100.00
6
02.png
field08.txt
1150.00
359.00
0.00
0.00
0.00
0.00
100.00
100.00
6
02.png
field08.txt
1059.00
359.00
0.00
0.00
0.00
0.00
100.00
100.00
6
02.png
field08.txt
636.00
360.00
0.00
0.00
0.00
0.00
100.00
100.00
6
03.png
field08.txt
717.00
373.00
0.00
0.00
0.00
0.00
100.00
100.00
6
02.png
field08.txt
551.00
375.00
0.00
0.00
0.00
0.00
100.00
100.00
6
02.png
field08.txt
971.00
410.00
0.00
0.00
0.00
0.00
100.00
100.00
6
02.png
field08.txt
35.00
411.00
0.00
0.00
0.00
0.00
100.00
100.00
6
02.png
field08.txt
215.00
411.00
0.00
0.00
0.00
0.00
100.00
100.00
6
02.png
field08.txt
303.00
414.00
0.00
0.00
0.00
0.00
100.00
100.00
6
02.png
field08.txt
1236.00
415.00
0.00
0.00
0.00
0.00
100.00
100.00
6
02.png
field08.txt
1057.00
416.00
0.00
0.00
0.00
0.00
100.00
100.00
6
02.png
field08.txt
1150.00
416.00
0.00
0.00
0.00
0.00
100.00
100.00
6
02.png
field08.txt
120.00
418.00
0.00
0.00
0.00
0.00
100.00
100.00
6
02.png
field08.txt
634.00
423.00
0.00
0.00
0.00
0.00
100.00
100.00
6
02.png
field08.txt
717.00
427.00
0.00
0.00
0.00
0.00
100.00
100.00
6
02.png
field08.txt
551.00
430.00
0.00
0.00
0.00
0.00
100.00
100.00
6
02.png
field08.txt
32.00
467.00
0.00
0.00
0.00
0.00
100.00
100.00
6
02.png
field08.txt
971.00
468.00
0.00
0.00
0.00
0.00
100.00
100.00
6
02.png
field08.txt
126.00
469.00
0.00
0.00
0.00
0.00
100.00
100.00
6
02.png
field08.txt
212.00
469.00
0.00
0.00
0.00
0.00
100.00
100.00
6
02.png
field08.txt
1236.00
472.00
0.00
0.00
0.00
0.00
100.00
100.00
6
02.png
field08.txt
1147.00
472.00
0.00
0.00
0.00
0.00
100.00
100.00
6
02.png
field08.txt
1057.00
472.00
0.00
0.00
0.00
0.00
100.00
100.00
6
02.png
field08.txt
302.00
474.00
0.00
0.00
0.00
0.00
100.00
100.00
6
02.png
field08.txt
634.00
475.00
0.00
0.00
0.00
0.00
100.00
100.00
6
02.png
field08.txt
717.00
482.00
0.00
0.00
0.00
0.00
100.00
100.00
6
02.png
field08.txt
551.00
485.00
0.00
0.00
0.00
0.00
100.00
100.00
6
02.png
field08.txt
634.00
524.00
0.00
0.00
0.00
0.00
100.00
100.00
6
02.png
field08.txt
717.00
538.00
0.00
0.00
0.00
0.00
100.00
100.00
6
02.png
field08.txt
551.00
540.00
0.00
0.00
0.00
0.00
100.00
100.00
6
02.png
field08.txt
634.00
577.00
0.00
0.00
0.00
0.00
100.00
100.00
6
02.png
field08.txt
551.00
583.00
0.00
0.00
0.00
0.00
100.00
100.00
6
02.png
field08.txt
717.00
586.00
0.00
0.00
0.00
0.00
100.00
100.00
6
02.png
field08.txt
634.00
633.00
0.00
0.00
0.00
0.00
100.00
100.00
6
02.png
field08.txt
551.00
633.00
0.00
0.00
0.00
0.00
100.00
100.00
6
02.png
field08.txt
468.00
634.00
0.00
0.00
0.00
0.00
100.00
100.00
6
02.png
field08.txt
382.00
634.00
0.00
0.00
0.00
0.00
100.00
100.00
6
02.png
field08.txt
310.00
634.00
0.00
0.00
0.00
0.00
100.00
100.00
6
02.png
field08.txt
249.00
634.00
0.00
0.00
0.00
0.00
100.00
100.00
6
02.png
field08.txt
802.00
634.00
0.00
0.00
0.00
0.00
100.00
100.00
6
02.png
field08.txt
892.00
634.00
0.00
0.00
0.00
0.00
100.00
100.00
6
02.png
field08.txt
968.00
634.00
0.00
0.00
0.00
0.00
100.00
100.00
6
02.png
field08.txt
1038.00
634.00
0.00
0.00
0.00
0.00
100.00
100.00
6
02.png
field08.txt
717.00
636.00
0.00
0.00
0.00
0.00
100.00
100.00
6
02.png
field08.txt
75.00
664.00
0.00
0.00
0.00
0.00
150.00
150.00
9
Spawn.png
field08.txt
1206.00
664.00
0.00
0.00
0.00
0.00
150.00
150.00
9
Spawn.png
field08.txt
335.00
675.00
0.00
0.00
0.00
0.00
100.00
100.00
6
02.png
field08.txt
421.00
676.00
0.00
0.00
0.00
0.00
100.00
100.00
6
02.png
field08.txt
509.00
676.00
0.00
0.00
0.00
0.00
100.00
100.00
6
02.png
field08.txt
757.00
676.00
0.00
0.00
0.00
0.00
100.00
100.00
6
02.png
field08.txt
852.00
676.00
0.00
0.00
0.00
0.00
100.00
100.00
6
02.png
field08.txt
945.00
676.00
0.00
0.00
0.00
0.00
100.00
100.00
6
02.png
field08.txt
1038.00
676.00
0.00
0.00
0.00
0.00
100.00
100.00
6
02.png
field08.txt
593.00
676.00
0.00
0.00
0.00
0.00
100.00
100.00
6
02.png
field08.txt
672.00
676.00
0.00
0.00
0.00
0.00
100.00
100.00
6
02.png
field08.txt
247.00
678.00
0.00
0.00
0.00
0.00
100.00
100.00
6
02.png
field08.txt
