75.00
75.00
0.00
0.00
0.00
0.00
150.00
150.00
9
Spawn.png
field.txt
1205.00
75.00
0.00
0.00
0.00
0.00
150.00
150.00
9
Spawn.png
field.txt
545.00
77.00
0.00
0.00
0.00
0.00
100.00
100.00
6
02.png
field.txt
947.00
77.00
0.00
0.00
0.00
0.00
100.00
100.00
6
02.png
field.txt
867.00
77.00
0.00
0.00
0.00
0.00
100.00
100.00
6
02.png
field.txt
786.00
77.00
0.00
0.00
0.00
0.00
100.00
100.00
6
02.png
field.txt
706.00
77.00
0.00
0.00
0.00
0.00
100.00
100.00
6
02.png
field.txt
623.00
77.00
0.00
0.00
0.00
0.00
100.00
100.00
6
02.png
field.txt
468.00
77.00
0.00
0.00
0.00
0.00
100.00
100.00
6
02.png
field.txt
234.00
77.00
0.00
0.00
0.00
0.00
100.00
100.00
6
02.png
field.txt
315.00
77.00
0.00
0.00
0.00
0.00
100.00
100.00
6
02.png
field.txt
395.00
77.00
0.00
0.00
0.00
0.00
100.00
100.00
6
02.png
field.txt
1027.00
85.00
0.00
0.00
0.00
0.00
100.00
100.00
6
02.png
field.txt
171.00
107.00
0.00
0.00
0.00
0.00
100.00
100.00
6
02.png
field.txt
1089.00
118.00
0.00
0.00
0.00
0.00
100.00
100.00
6
02.png
field.txt
134.00
151.00
0.00
0.00
0.00
0.00
100.00
100.00
6
02.png
field.txt
1140.00
166.00
0.00
0.00
0.00
0.00
100.00
100.00
6
02.png
field.txt
105.00
201.00
0.00
0.00
0.00
0.00
100.00
100.00
6
02.png
field.txt
569.00
203.00
0.00
0.00
0.00
0.00
100.00
100.00
6
02.png
field.txt
403.00
204.00
0.00
0.00
0.00
0.00
100.00
100.00
6
02.png
field.txt
893.00
204.00
0.00
0.00
0.00
0.00
100.00
100.00
6
02.png
field.txt
810.00
204.00
0.00
0.00
0.00
0.00
100.00
100.00
6
02.png
field.txt
728.00
204.00
0.00
0.00
0.00
0.00
100.00
100.00
6
02.png
field.txt
649.00
204.00
0.00
0.00
0.00
0.00
100.00
100.00
6
02.png
field.txt
484.00
204.00
0.00
0.00
0.00
0.00
100.00
100.00
6
02.png
field.txt
1171.00
217.00
0.00
0.00
0.00
0.00
100.00
100.00
6
02.png
field.txt
359.00
224.00
0.00
0.00
0.00
0.00
100.00
100.00
6
02.png
field.txt
954.00
236.00
0.00
0.00
0.00
0.00
100.00
100.00
6
02.png
field.txt
330.00
250.00
0.00
0.00
0.00
0.00
100.00
100.00
6
02.png
field.txt
102.00
261.00
0.00
0.00
0.00
0.00
100.00
100.00
6
02.png
field.txt
1171.00
268.00
0.00
0.00
0.00
0.00
100.00
100.00
6
02.png
field.txt
979.00
286.00
0.00
0.00
0.00
0.00
100.00
100.00
6
02.png
field.txt
302.00
296.00
0.00
0.00
0.00
0.00
100.00
100.00
6
02.png
field.txt
97.00
318.00
0.00
0.00
0.00
0.00
100.00
100.00
6
02.png
field.txt
1171.00
323.00
0.00
0.00
0.00
0.00
100.00
100.00
6
02.png
field.txt
646.00
330.00
0.00
0.00
0.00
0.00
100.00
100.00
6
03.png
field.txt
979.00
338.00
0.00
0.00
0.00
0.00
100.00
100.00
6
02.png
field.txt
302.00
349.00
0.00
0.00
0.00
0.00
100.00
100.00
6
02.png
field.txt
97.00
374.00
0.00
0.00
0.00
0.00
100.00
100.00
6
02.png
field.txt
1171.00
378.00
0.00
0.00
0.00
0.00
100.00
100.00
6
02.png
field.txt
966.00
384.00
0.00
0.00
0.00
0.00
100.00
100.00
6
02.png
field.txt
330.00
401.00
0.00
0.00
0.00
0.00
100.00
100.00
6
02.png
field.txt
95.00
426.00
0.00
0.00
0.00
0.00
100.00
100.00
6
02.png
field.txt
1172.00
428.00
0.00
0.00
0.00
0.00
100.00
100.00
6
02.png
field.txt
931.00
429.00
0.00
0.00
0.00
0.00
100.00
100.00
6
02.png
field.txt
375.00
444.00
0.00
0.00
0.00
0.00
100.00
100.00
6
02.png
field.txt
450.00
457.00
0.00
0.00
0.00
0.00
100.00
100.00
6
02.png
field.txt
532.00
457.00
0.00
0.00
0.00
0.00
100.00
100.00
6
02.png
field.txt
617.00
457.00
0.00
0.00
0.00
0.00
100.00
100.00
6
02.png
field.txt
699.00
457.00
0.00
0.00
0.00
0.00
100.00
100.00
6
02.png
field.txt
778.00
457.00
0.00
0.00
0.00
0.00
100.00
100.00
6
02.png
field.txt
864.00
457.00
0.00
0.00
0.00
0.00
100.00
100.00
6
02.png
field.txt
1166.00
476.00
0.00
0.00
0.00
0.00
100.00
100.00
6
02.png
field.txt
98.00
481.00
0.00
0.00
0.00
0.00
100.00
100.00
6
02.png
field.txt
1146.00
520.00
0.00
0.00
0.00
0.00
100.00
100.00
6
02.png
field.txt
115.00
536.00
0.00
0.00
0.00
6.27
100.00
100.00
6
02.png
field.txt
1118.00
565.00
0.00
0.00
0.00
0.00
100.00
100.00
6
02.png
field.txt
139.00
589.00
0.00
0.00
0.00
0.00
100.00
100.00
6
02.png
field.txt
1073.00
602.00
0.00
0.00
0.00
0.00
100.00
100.00
6
02.png
field.txt
184.00
617.00
0.00
0.00
0.00
0.00
100.00
100.00
6
02.png
field.txt
1005.00
619.00
0.00
0.00
0.00
0.00
100.00
100.00
6
02.png
field.txt
268.00
621.00
0.00
0.00
0.00
0.00
100.00
100.00
6
02.png
field.txt
351.00
621.00
0.00
0.00
0.00
0.00
100.00
100.00
6
02.png
field.txt
433.00
621.00
0.00
0.00
0.00
0.00
100.00
100.00
6
02.png
field.txt
515.00
621.00
0.00
0.00
0.00
0.00
100.00
100.00
6
02.png
field.txt
599.00
621.00
0.00
0.00
0.00
0.00
100.00
100.00
6
02.png
field.txt
679.00
621.00
0.00
0.00
0.00
0.00
100.00
100.00
6
02.png
field.txt
761.00
621.00
0.00
0.00
0.00
0.00
100.00
100.00
6
02.png
field.txt
843.00
621.00
0.00
0.00
0.00
0.00
100.00
100.00
6
02.png
field.txt
924.00
621.00
0.00
0.00
0.00
0.00
100.00
100.00
6
02.png
field.txt
1195.00
656.00
0.00
0.00
0.00
0.00
172.00
170.00
9
Spawn.png
field.txt
75.00
663.00
0.00
0.00
0.00
0.00
150.00
150.00
9
Spawn.png
field.txt
