74.00
73.00
0.00
0.00
0.00
0.00
150.00
150.00
9
Spawn.png
field02.txt
1203.00
78.00
0.00
0.00
0.00
0.00
150.00
150.00
9
Spawn.png
field02.txt
1087.00
127.00
0.00
0.00
0.00
0.00
100.00
100.00
6
02.png
field02.txt
187.00
129.00
0.00
0.00
0.00
0.00
100.00
100.00
6
02.png
field02.txt
1010.00
139.00
0.00
0.00
0.00
0.00
100.00
100.00
6
02.png
field02.txt
267.00
144.00
0.00
0.00
0.00
0.00
100.00
100.00
6
02.png
field02.txt
949.00
162.00
0.00
0.00
0.00
0.00
100.00
100.00
6
02.png
field02.txt
1156.00
164.00
0.00
0.00
0.00
0.00
100.00
100.00
6
02.png
field02.txt
127.00
167.00
0.00
0.00
0.00
0.00
100.00
100.00
6
02.png
field02.txt
336.00
175.00
0.00
0.00
0.00
0.00
100.00
100.00
6
02.png
field02.txt
891.00
186.00
0.00
0.00
0.00
0.00
100.00
100.00
6
02.png
field02.txt
401.00
196.00
0.00
0.00
0.00
0.00
100.00
100.00
6
02.png
field02.txt
1108.00
207.00
0.00
0.00
0.00
0.00
100.00
100.00
6
02.png
field02.txt
169.00
213.00
0.00
0.00
0.00
0.00
100.00
100.00
6
02.png
field02.txt
832.00
216.00
0.00
0.00
0.00
0.00
100.00
100.00
6
02.png
field02.txt
465.00
221.00
0.00
0.00
0.00
0.00
100.00
100.00
6
02.png
field02.txt
535.00
240.00
0.00
0.00
0.00
0.00
100.00
100.00
6
02.png
field02.txt
1053.00
240.00
0.00
0.00
0.00
0.00
100.00
100.00
6
02.png
field02.txt
762.00
241.00
0.00
0.00
0.00
0.00
100.00
100.00
6
02.png
field02.txt
606.00
250.00
0.00
0.00
0.00
0.00
100.00
100.00
6
02.png
field02.txt
228.00
250.00
0.00
0.00
0.00
0.00
100.00
100.00
6
02.png
field02.txt
693.00
252.00
0.00
0.00
0.00
0.00
100.00
100.00
6
02.png
field02.txt
1002.00
272.00
0.00
0.00
0.00
0.00
100.00
100.00
6
02.png
field02.txt
291.00
277.00
0.00
0.00
0.00
0.00
100.00
100.00
6
02.png
field02.txt
943.00
295.00
0.00
0.00
0.00
0.00
100.00
100.00
6
02.png
field02.txt
359.00
303.00
0.00
0.00
0.00
0.00
100.00
100.00
6
02.png
field02.txt
423.00
319.00
0.00
0.00
0.00
0.00
100.00
100.00
6
02.png
field02.txt
871.00
320.00
0.00
0.00
0.00
0.00
100.00
100.00
6
02.png
field02.txt
490.00
337.00
0.00
0.00
0.00
0.00
100.00
100.00
6
02.png
field02.txt
798.00
344.00
0.00
0.00
0.00
0.00
100.00
100.00
6
02.png
field02.txt
640.00
360.00
0.00
0.00
0.00
0.00
100.00
100.00
6
03.png
field02.txt
489.00
395.00
0.00
0.00
0.00
0.00
100.00
100.00
6
02.png
field02.txt
795.00
404.00
0.00
0.00
0.00
0.00
100.00
100.00
6
02.png
field02.txt
410.00
418.00
0.00
0.00
0.00
0.00
100.00
100.00
6
02.png
field02.txt
847.00
429.00
0.00
0.00
0.00
0.00
100.00
100.00
6
02.png
field02.txt
346.00
439.00
0.00
0.00
0.00
0.00
100.00
100.00
6
02.png
field02.txt
908.00
451.00
0.00
0.00
0.00
0.00
100.00
100.00
6
02.png
field02.txt
283.00
472.00
0.00
0.00
0.00
0.00
100.00
100.00
6
02.png
field02.txt
974.00
474.00
0.00
0.00
0.00
0.00
100.00
100.00
6
02.png
field02.txt
582.00
488.00
0.00
0.00
0.00
0.00
100.00
100.00
6
02.png
field02.txt
661.00
495.00
0.00
0.00
0.00
0.00
100.00
100.00
6
02.png
field02.txt
1038.00
502.00
0.00
0.00
0.00
0.00
100.00
100.00
6
02.png
field02.txt
227.00
506.00
0.00
0.00
0.00
0.00
100.00
100.00
6
02.png
field02.txt
518.00
513.00
0.00
0.00
0.00
0.00
100.00
100.00
6
02.png
field02.txt
732.00
515.00
0.00
0.00
0.00
0.00
100.00
100.00
6
02.png
field02.txt
1095.00
535.00
0.00
0.00
0.00
0.00
100.00
100.00
6
02.png
field02.txt
453.00
537.00
0.00
0.00
0.00
0.00
100.00
100.00
6
02.png
field02.txt
168.00
540.00
0.00
0.00
0.00
0.00
100.00
100.00
6
02.png
field02.txt
804.00
541.00
0.00
0.00
0.00
0.00
100.00
100.00
6
02.png
field02.txt
389.00
561.00
0.00
0.00
0.00
0.00
100.00
100.00
6
02.png
field02.txt
867.00
564.00
0.00
0.00
0.00
0.00
100.00
100.00
6
02.png
field02.txt
124.00
580.00
0.00
0.00
0.00
0.00
100.00
100.00
6
02.png
field02.txt
1147.00
582.00
0.00
0.00
0.00
0.00
100.00
100.00
6
02.png
field02.txt
944.00
584.00
0.00
0.00
0.00
0.00
100.00
100.00
6
02.png
field02.txt
322.00
595.00
0.00
0.00
0.00
0.00
100.00
100.00
6
02.png
field02.txt
1016.00
605.00
0.00
0.00
0.00
0.00
100.00
100.00
6
02.png
field02.txt
257.00
615.00
0.00
0.00
0.00
0.00
100.00
100.00
6
02.png
field02.txt
1092.00
623.00
0.00
0.00
0.00
0.00
100.00
100.00
6
02.png
field02.txt
177.00
625.00
0.00
0.00
0.00
0.00
100.00
100.00
6
02.png
field02.txt
1205.00
663.00
0.00
0.00
0.00
0.00
150.00
150.00
9
Spawn.png
field02.txt
75.00
663.00
0.00
0.00
0.00
0.00
150.00
150.00
9
Spawn.png
field02.txt
