969.00
-7.00
0.00
0.00
0.00
0.00
150.00
150.00
9
Spawn.png
field04.txt
819.00
-7.00
0.00
0.00
0.00
0.00
150.00
150.00
9
Spawn.png
field04.txt
672.00
-7.00
0.00
0.00
0.00
0.00
150.00
150.00
9
Spawn.png
field04.txt
525.00
-7.00
0.00
0.00
0.00
0.00
150.00
150.00
9
Spawn.png
field04.txt
375.00
-7.00
0.00
0.00
0.00
0.00
150.00
150.00
9
Spawn.png
field04.txt
259.00
3.00
0.00
0.00
0.00
0.00
81.00
86.00
9
Spawn.png
field04.txt
259.00
73.00
0.00
0.00
0.00
0.00
81.00
86.00
9
Spawn.png
field04.txt
74.00
75.00
0.00
0.00
0.00
0.00
150.00
150.00
9
Spawn.png
field04.txt
1205.00
76.00
0.00
0.00
0.00
0.00
150.00
150.00
9
Spawn.png
field04.txt
374.00
118.00
0.00
0.00
0.00
0.00
150.00
150.00
9
Spawn.png
field04.txt
522.00
118.00
0.00
0.00
0.00
0.00
150.00
150.00
9
Spawn.png
field04.txt
672.00
118.00
0.00
0.00
0.00
0.00
150.00
150.00
9
Spawn.png
field04.txt
821.00
118.00
0.00
0.00
0.00
0.00
150.00
150.00
9
Spawn.png
field04.txt
969.00
118.00
0.00
0.00
0.00
0.00
150.00
150.00
9
Spawn.png
field04.txt
259.00
145.00
0.00
0.00
0.00
0.00
81.00
86.00
9
Spawn.png
field04.txt
74.00
243.00
0.00
0.00
0.00
0.00
150.00
150.00
9
Spawn.png
field04.txt
224.00
243.00
0.00
0.00
0.00
0.00
150.00
150.00
9
Spawn.png
field04.txt
521.00
243.00
0.00
0.00
0.00
0.00
150.00
150.00
9
Spawn.png
field04.txt
668.00
243.00
0.00
0.00
0.00
0.00
150.00
150.00
9
Spawn.png
field04.txt
817.00
243.00
0.00
0.00
0.00
0.00
150.00
150.00
9
Spawn.png
field04.txt
965.00
243.00
0.00
0.00
0.00
0.00
150.00
150.00
9
Spawn.png
field04.txt
1115.00
243.00
0.00
0.00
0.00
0.00
150.00
150.00
9
Spawn.png
field04.txt
1265.00
243.00
0.00
0.00
0.00
0.00
150.00
150.00
9
Spawn.png
field04.txt
374.00
243.00
0.00
0.00
0.00
0.00
150.00
150.00
9
Spawn.png
field04.txt
820.00
369.00
0.00
0.00
0.00
0.00
150.00
150.00
9
Spawn.png
field04.txt
374.00
369.00
0.00
0.00
0.00
0.00
150.00
150.00
9
Spawn.png
field04.txt
1265.00
370.00
0.00
0.00
0.00
0.00
150.00
150.00
9
Spawn.png
field04.txt
1117.00
370.00
0.00
0.00
0.00
0.00
150.00
150.00
9
Spawn.png
field04.txt
969.00
370.00
0.00
0.00
0.00
0.00
150.00
150.00
9
Spawn.png
field04.txt
670.00
370.00
0.00
0.00
0.00
0.00
150.00
150.00
9
Spawn.png
field04.txt
522.00
370.00
0.00
0.00
0.00
0.00
150.00
150.00
9
Spawn.png
field04.txt
224.00
370.00
0.00
0.00
0.00
0.00
150.00
150.00
9
Spawn.png
field04.txt
74.00
370.00
0.00
0.00
0.00
0.00
150.00
150.00
9
Spawn.png
field04.txt
1262.00
496.00
0.00
0.00
0.00
0.00
150.00
150.00
9
Spawn.png
field04.txt
74.00
496.00
0.00
0.00
0.00
0.00
150.00
150.00
9
Spawn.png
field04.txt
222.00
496.00
0.00
0.00
0.00
0.00
150.00
150.00
9
Spawn.png
field04.txt
519.00
496.00
0.00
0.00
0.00
0.00
150.00
150.00
9
Spawn.png
field04.txt
668.00
496.00
0.00
0.00
0.00
0.00
150.00
150.00
9
Spawn.png
field04.txt
816.00
496.00
0.00
0.00
0.00
0.00
150.00
150.00
9
Spawn.png
field04.txt
966.00
496.00
0.00
0.00
0.00
0.00
150.00
150.00
9
Spawn.png
field04.txt
1115.00
496.00
0.00
0.00
0.00
0.00
150.00
150.00
9
Spawn.png
field04.txt
371.00
496.00
0.00
0.00
0.00
0.00
150.00
150.00
9
Spawn.png
field04.txt
259.00
591.00
0.00
0.00
0.00
0.00
81.00
86.00
9
Spawn.png
field04.txt
371.00
623.00
0.00
0.00
0.00
0.00
150.00
150.00
9
Spawn.png
field04.txt
519.00
623.00
0.00
0.00
0.00
0.00
150.00
150.00
9
Spawn.png
field04.txt
669.00
623.00
0.00
0.00
0.00
0.00
150.00
150.00
9
Spawn.png
field04.txt
816.00
623.00
0.00
0.00
0.00
0.00
150.00
150.00
9
Spawn.png
field04.txt
964.00
623.00
0.00
0.00
0.00
0.00
150.00
150.00
9
Spawn.png
field04.txt
75.00
663.00
0.00
0.00
0.00
0.00
150.00
150.00
9
Spawn.png
field04.txt
1205.00
663.00
0.00
0.00
0.00
0.00
150.00
150.00
9
Spawn.png
field04.txt
259.00
664.00
0.00
0.00
0.00
0.00
81.00
86.00
9
Spawn.png
field04.txt
259.00
736.00
0.00
0.00
0.00
0.00
81.00
86.00
9
Spawn.png
field04.txt
370.00
748.00
0.00
0.00
0.00
0.00
150.00
150.00
9
Spawn.png
field04.txt
964.00
748.00
0.00
0.00
0.00
0.00
150.00
150.00
9
Spawn.png
field04.txt
814.00
748.00
0.00
0.00
0.00
0.00
150.00
150.00
9
Spawn.png
field04.txt
665.00
748.00
0.00
0.00
0.00
0.00
150.00
150.00
9
Spawn.png
field04.txt
517.00
748.00
0.00
0.00
0.00
0.00
150.00
150.00
9
Spawn.png
field04.txt
