75.00
75.00
0.00
0.00
0.00
0.00
150.00
150.00
9
Spawn.png
field07.txt
1205.00
76.00
0.00
0.00
0.00
0.00
150.00
150.00
9
Spawn.png
field07.txt
554.00
117.00
0.00
0.00
0.00
0.00
100.00
100.00
6
02.png
field07.txt
470.00
117.00
0.00
0.00
0.00
0.00
100.00
100.00
6
02.png
field07.txt
386.00
117.00
0.00
0.00
0.00
0.00
100.00
100.00
6
02.png
field07.txt
305.00
117.00
0.00
0.00
0.00
0.00
100.00
100.00
6
02.png
field07.txt
237.00
117.00
0.00
0.00
0.00
0.00
100.00
100.00
6
02.png
field07.txt
1020.00
119.00
0.00
0.00
0.00
0.00
100.00
100.00
6
02.png
field07.txt
732.00
119.00
0.00
0.00
0.00
0.00
100.00
100.00
6
02.png
field07.txt
869.00
120.00
0.00
0.00
0.00
0.00
100.00
100.00
6
02.png
field07.txt
1093.00
120.00
0.00
0.00
0.00
0.00
100.00
100.00
6
02.png
field07.txt
945.00
122.00
0.00
0.00
0.00
0.00
100.00
100.00
6
02.png
field07.txt
813.00
123.00
0.00
0.00
0.00
0.00
100.00
100.00
6
02.png
field07.txt
181.00
123.00
0.00
0.00
0.00
0.00
100.00
100.00
6
02.png
field07.txt
124.00
158.00
0.00
0.00
0.00
0.00
100.00
100.00
6
02.png
field07.txt
1147.00
163.00
0.00
0.00
0.00
0.00
100.00
100.00
6
02.png
field07.txt
554.00
172.00
0.00
0.00
0.00
0.00
100.00
100.00
6
02.png
field07.txt
732.00
174.00
0.00
0.00
0.00
0.00
100.00
100.00
6
02.png
field07.txt
124.00
199.00
0.00
0.00
0.00
0.00
100.00
100.00
6
02.png
field07.txt
1146.00
217.00
0.00
0.00
0.00
0.00
100.00
100.00
6
02.png
field07.txt
732.00
224.00
0.00
0.00
0.00
0.00
100.00
100.00
6
02.png
field07.txt
554.00
224.00
0.00
0.00
0.00
0.00
100.00
100.00
6
02.png
field07.txt
124.00
249.00
0.00
0.00
0.00
0.00
100.00
100.00
6
02.png
field07.txt
599.00
262.00
0.00
0.00
0.00
0.00
100.00
100.00
6
02.png
field07.txt
510.00
262.00
0.00
0.00
0.00
0.00
100.00
100.00
6
02.png
field07.txt
684.00
264.00
0.00
0.00
0.00
0.00
100.00
100.00
6
02.png
field07.txt
774.00
264.00
0.00
0.00
0.00
0.00
100.00
100.00
6
02.png
field07.txt
1146.00
268.00
0.00
0.00
0.00
0.00
100.00
100.00
6
02.png
field07.txt
441.00
289.00
0.00
0.00
0.00
0.00
100.00
100.00
6
02.png
field07.txt
360.00
289.00
0.00
0.00
0.00
0.00
100.00
100.00
6
02.png
field07.txt
278.00
289.00
0.00
0.00
0.00
0.00
100.00
100.00
6
02.png
field07.txt
195.00
289.00
0.00
0.00
0.00
0.00
100.00
100.00
6
02.png
field07.txt
124.00
289.00
0.00
0.00
0.00
0.00
100.00
100.00
6
02.png
field07.txt
846.00
293.00
0.00
0.00
0.00
0.00
100.00
100.00
6
02.png
field07.txt
1145.00
298.00
0.00
0.00
0.00
0.00
100.00
100.00
6
02.png
field07.txt
1016.00
299.00
0.00
0.00
0.00
0.00
100.00
100.00
6
02.png
field07.txt
929.00
300.00
0.00
0.00
0.00
0.00
100.00
100.00
6
02.png
field07.txt
1089.00
301.00
0.00
0.00
0.00
0.00
100.00
100.00
6
02.png
field07.txt
774.00
313.00
0.00
0.00
0.00
0.00
100.00
100.00
6
02.png
field07.txt
510.00
316.00
0.00
0.00
0.00
0.00
100.00
100.00
6
02.png
field07.txt
640.00
360.00
0.00
0.00
0.00
0.00
100.00
100.00
6
03.png
field07.txt
777.00
369.00
0.00
0.00
0.00
0.00
100.00
100.00
6
02.png
field07.txt
510.00
373.00
0.00
0.00
0.00
0.00
100.00
100.00
6
02.png
field07.txt
776.00
424.00
0.00
0.00
0.00
0.00
100.00
100.00
6
02.png
field07.txt
510.00
426.00
0.00
0.00
0.00
0.00
100.00
100.00
6
02.png
field07.txt
1145.00
449.00
0.00
0.00
0.00
0.00
100.00
100.00
6
02.png
field07.txt
1080.00
449.00
0.00
0.00
0.00
0.00
100.00
100.00
6
02.png
field07.txt
1000.00
449.00
0.00
0.00
0.00
0.00
100.00
100.00
6
02.png
field07.txt
846.00
450.00
0.00
0.00
0.00
0.00
100.00
100.00
6
02.png
field07.txt
934.00
450.00
0.00
0.00
0.00
0.00
100.00
100.00
6
02.png
field07.txt
442.00
455.00
0.00
0.00
0.00
0.00
100.00
100.00
6
02.png
field07.txt
361.00
455.00
0.00
0.00
0.00
0.00
100.00
100.00
6
02.png
field07.txt
281.00
455.00
0.00
0.00
0.00
0.00
100.00
100.00
6
02.png
field07.txt
200.00
455.00
0.00
0.00
0.00
0.00
100.00
100.00
6
02.png
field07.txt
124.00
455.00
0.00
0.00
0.00
0.00
100.00
100.00
6
02.png
field07.txt
775.00
479.00
0.00
0.00
0.00
0.00
100.00
100.00
6
02.png
field07.txt
510.00
482.00
0.00
0.00
0.00
0.00
100.00
100.00
6
02.png
field07.txt
601.00
482.00
0.00
0.00
0.00
0.00
100.00
100.00
6
02.png
field07.txt
686.00
482.00
0.00
0.00
0.00
0.00
100.00
100.00
6
02.png
field07.txt
124.00
493.00
0.00
0.00
0.00
0.00
100.00
100.00
6
02.png
field07.txt
1145.00
500.00
0.00
0.00
0.00
0.00
100.00
100.00
6
02.png
field07.txt
554.00
520.00
0.00
0.00
0.00
0.00
100.00
100.00
6
02.png
field07.txt
737.00
523.00
0.00
0.00
0.00
0.00
100.00
100.00
6
02.png
field07.txt
1145.00
540.00
0.00
0.00
0.00
0.00
100.00
100.00
6
02.png
field07.txt
124.00
540.00
0.00
0.00
0.00
0.00
100.00
100.00
6
02.png
field07.txt
554.00
573.00
0.00
0.00
0.00
0.00
100.00
100.00
6
02.png
field07.txt
736.00
576.00
0.00
0.00
0.00
0.00
100.00
100.00
6
02.png
field07.txt
1147.00
591.00
0.00
0.00
0.00
0.00
100.00
100.00
6
02.png
field07.txt
124.00
592.00
0.00
0.00
0.00
0.00
100.00
100.00
6
02.png
field07.txt
237.00
626.00
0.00
0.00
0.00
0.00
100.00
100.00
6
02.png
field07.txt
554.00
626.00
0.00
0.00
0.00
0.00
100.00
100.00
6
02.png
field07.txt
468.00
626.00
0.00
0.00
0.00
0.00
100.00
100.00
6
02.png
field07.txt
384.00
626.00
0.00
0.00
0.00
0.00
100.00
100.00
6
02.png
field07.txt
305.00
626.00
0.00
0.00
0.00
0.00
100.00
100.00
6
02.png
field07.txt
735.00
629.00
0.00
0.00
0.00
0.00
100.00
100.00
6
02.png
field07.txt
184.00
633.00
0.00
0.00
0.00
0.00
100.00
100.00
6
02.png
field07.txt
1099.00
633.00
0.00
0.00
0.00
0.00
100.00
100.00
6
02.png
field07.txt
814.00
639.00
0.00
0.00
0.00
0.00
100.00
100.00
6
02.png
field07.txt
887.00
640.00
0.00
0.00
0.00
0.00
100.00
100.00
6
02.png
field07.txt
1035.00
642.00
0.00
0.00
0.00
0.00
100.00
100.00
6
02.png
field07.txt
961.00
642.00
0.00
0.00
0.00
0.00
100.00
100.00
6
02.png
field07.txt
75.00
668.00
0.00
0.00
0.00
0.00
150.00
150.00
9
Spawn.png
field07.txt
1205.00
668.00
0.00
0.00
0.00
0.00
150.00
150.00
9
Spawn.png
field07.txt
