75.00
75.00
0.00
0.00
0.00
0.00
150.00
150.00
9
Spawn.png
field06.txt
1207.00
76.00
0.00
0.00
0.00
0.00
150.00
150.00
9
Spawn.png
field06.txt
1099.00
118.00
0.00
0.00
0.00
0.00
100.00
100.00
6
02.png
field06.txt
188.00
126.00
0.00
0.00
0.00
0.00
100.00
100.00
6
02.png
field06.txt
638.00
130.00
0.00
0.00
0.00
0.00
100.00
100.00
6
02.png
field06.txt
479.00
130.00
0.00
0.00
0.00
0.00
100.00
100.00
6
02.png
field06.txt
796.00
130.00
0.00
0.00
0.00
0.00
100.00
100.00
6
02.png
field06.txt
328.00
132.00
0.00
0.00
0.00
0.00
100.00
100.00
6
02.png
field06.txt
945.00
133.00
0.00
0.00
0.00
0.00
100.00
100.00
6
02.png
field06.txt
116.00
158.00
0.00
0.00
0.00
0.00
100.00
100.00
6
02.png
field06.txt
1154.00
165.00
0.00
0.00
0.00
0.00
100.00
100.00
6
02.png
field06.txt
477.00
242.00
0.00
0.00
0.00
0.00
100.00
100.00
6
02.png
field06.txt
325.00
242.00
0.00
0.00
0.00
0.00
100.00
100.00
6
02.png
field06.txt
116.00
244.00
0.00
0.00
0.00
0.00
100.00
100.00
6
02.png
field06.txt
793.00
248.00
0.00
0.00
0.00
0.00
100.00
100.00
6
02.png
field06.txt
641.00
250.00
0.00
0.00
0.00
0.00
100.00
100.00
6
02.png
field06.txt
947.00
251.00
0.00
0.00
0.00
0.00
100.00
100.00
6
02.png
field06.txt
1151.00
251.00
0.00
0.00
0.00
0.00
100.00
100.00
6
02.png
field06.txt
640.00
360.00
0.00
0.00
0.00
0.00
100.00
100.00
6
03.png
field06.txt
947.00
360.00
0.00
0.00
0.00
0.00
100.00
100.00
6
02.png
field06.txt
325.00
361.00
0.00
0.00
0.00
0.00
100.00
100.00
6
02.png
field06.txt
793.00
362.00
0.00
0.00
0.00
0.00
100.00
100.00
6
02.png
field06.txt
116.00
362.00
0.00
0.00
0.00
0.00
100.00
100.00
6
02.png
field06.txt
477.00
363.00
0.00
0.00
0.00
0.00
100.00
100.00
6
02.png
field06.txt
1151.00
365.00
0.00
0.00
0.00
0.00
100.00
100.00
6
02.png
field06.txt
947.00
493.00
0.00
0.00
0.00
0.00
100.00
100.00
6
02.png
field06.txt
1143.00
493.00
0.00
0.00
0.00
0.00
100.00
100.00
6
02.png
field06.txt
325.00
493.00
0.00
0.00
0.00
0.00
100.00
100.00
6
02.png
field06.txt
116.00
493.00
0.00
0.00
0.00
0.00
100.00
100.00
6
02.png
field06.txt
791.00
494.00
0.00
0.00
0.00
0.00
100.00
100.00
6
02.png
field06.txt
477.00
494.00
0.00
0.00
0.00
0.00
100.00
100.00
6
02.png
field06.txt
638.00
495.00
0.00
0.00
0.00
0.00
100.00
100.00
6
02.png
field06.txt
1144.00
580.00
0.00
0.00
0.00
0.00
100.00
100.00
6
02.png
field06.txt
119.00
582.00
0.00
0.00
0.00
0.00
100.00
100.00
6
02.png
field06.txt
181.00
623.00
0.00
0.00
0.00
0.00
100.00
100.00
6
02.png
field06.txt
323.00
627.00
0.00
0.00
0.00
0.00
100.00
100.00
6
02.png
field06.txt
1096.00
627.00
0.00
0.00
0.00
0.00
100.00
100.00
6
02.png
field06.txt
476.00
627.00
0.00
0.00
0.00
0.00
100.00
100.00
6
02.png
field06.txt
635.00
629.00
0.00
0.00
0.00
0.00
100.00
100.00
6
02.png
field06.txt
942.00
632.00
0.00
0.00
0.00
0.00
100.00
100.00
6
02.png
field06.txt
785.00
633.00
0.00
0.00
0.00
0.00
100.00
100.00
6
02.png
field06.txt
75.00
665.00
0.00
0.00
0.00
0.00
150.00
150.00
9
Spawn.png
field06.txt
1207.00
665.00
0.00
0.00
0.00
0.00
150.00
150.00
9
Spawn.png
field06.txt
